Digital ID
1.5E+13
1.5E+14
1.5E+14
1.5E+14
1.5E+14
1.5E+14
1.5E+14
1.5E+14
1.5E+14
1.5E+14
1.5E+14
1.5E+14
1.5E+14
1.5E+14
1.5E+14
1.5E+14
1.5E+14
1.5E+14
1.5E+14
1.5E+14
1.5E+14
1.5E+14
1.5E+14
1.5E+14
1.5E+14
1.5E+14
1.5E+14
1.5E+14
1.5E+14
1.5E+14
1.5E+14
1.5E+14
1.5E+14
1.5E+14
1.5E+14
1.5E+14
1.5E+14
1.5E+14
1.5E+14
1.5E+14
1.5E+14
1.5E+14
1.5E+14
1.5E+14
1.5E+14
1.5E+14
1.5E+14
1.5E+14
1.5E+14
1.5E+14
1.5E+14
1.5E+14
1.5E+14
1.5E+14
1.5E+14
1.5E+14
1.5E+14
1.5E+14
1.5E+14
1.5E+14
1.5E+14
1.5E+14
1.5E+14
1.5E+14
1.5E+14
1.5E+14
1.5E+14
1.5E+14
1.5E+14
1.5E+14
1.5E+14
1.5E+14
1.5E+14
1.5E+14
1.5E+14
1.5E+14
1.5E+14
1.5E+14
1.5E+14
1.5E+14
1.5E+14
1.5E+14
1.5E+14
1.5E+14
1.5E+14
1.5E+14
1.5E+14
1.5E+14
1.5E+14
1.5E+14
1.5E+14
1.5E+14
1.5E+14
1.5E+14
1.5E+14
1.5E+14
1.5E+14
1.5E+14
1.5E+14
1.5E+14
1.5E+14
1.5E+14
1.5E+14
1.5E+14
1.5E+14
1.5E+14
1.5E+14
1.5E+14
1.5E+14
1.5E+14
1.5E+14
1.5E+14
1.5E+14
1.5E+14
1.5E+14
1.5E+14
1.5E+14
1.5E+14
1.5E+14
1.5E+14
1.5E+14
1.5E+14
1.5E+14
1.5E+14
1.5E+14
1.5E+14
1.5E+14
1.5E+14
1.5E+14
1.5E+14
1.5E+14
1.5E+14
1.5E+14
1.5E+14
1.5E+14
1.5E+14
1.5E+14
1.5E+14
1.5E+14
1.5E+14
1.5E+14
1.5E+14
1.5E+14
1.5E+14
1.5E+14
1.5E+14
1.5E+14
1.5E+14
1.5E+14
1.5E+14
1.5E+14
1.5E+14
1.5E+14
1.5E+14
1.5E+14
1.5E+14
1.5E+14
1.5E+14
1.5E+14
1.5E+14
1.5E+14
1.5E+14
1.5E+14
1.5E+14
1.5E+14
1.5E+14
1.5E+14
1.5E+14
1.5E+14
1.5E+14
1.5E+14
1.5E+14
1.5E+14
1.5E+14
1.5E+14
1.5E+14
1.5E+14
1.5E+14
1.5E+14
1.5E+14
1.5E+14
1.5E+14
1.5E+14
1.5E+14
1.5E+14
1.5E+14
1.5E+14
1.5E+14
1.5E+14
1.5E+14
1.5E+14
1.5E+14
1.5E+14
1.5E+14
1.5E+14
1.5E+14
1.5E+14
1.5E+14
1.5E+14
1.5E+14
1.5E+14
1.5E+14
1.5E+14
1.5E+14
1.5E+14
1.5E+14
1.5E+14
1.5E+14
1.5E+14
1.5E+14
1.5E+14
1.5E+14
1.5E+14
1.5E+14
1.5E+14
1.5E+14
1.5E+14
1.5E+14
1.5E+14
1.5E+14
1.5E+14
1.5E+14
1.5E+14
1.5E+14
1.5E+14
1.5E+14
1.5E+14
1.5E+14
1.5E+14
1.5E+14
1.5E+14
1.5E+14
1.5E+14
1.5E+14
00150000060015001.tif
chc00150000020001001
