3.56E+15
3.56E+15
3.56E+15
3.56E+15
3.56E+15
3.56E+15
3.56E+15
3.56E+15
3.56E+15
3.56E+15
3.56E+15
3.56E+15
3.56E+15
3.56E+15
3.56E+15
3.56E+15
3.56E+15
3.56E+15
3.56E+15
3.56E+15
3.56E+15
3.56E+15
3.56E+15
3.56E+15
3.56E+15
3.56E+15
3.56E+15
3.56E+15
3.56E+15
3.56E+15
3.56E+15
3.56E+15
3.56E+15
3.56E+15
3.56E+15
3.56E+15
3.56E+15
3.56E+15
3.56E+15
3.56E+15
3.56E+15
3.56E+15
3.56E+15
3.56E+15
3.56E+15
3.56E+15
3.56E+15
3.56E+15
3.56E+15
3.56E+15
3.56E+15
3.56E+15
3.56E+15
3.56E+15
3.56E+15
3.56E+15
3.56E+15
3.56E+15
3.56E+15
3.56E+15
3.56E+15
3.56E+15
3.56E+15
3.56E+15
3.56E+15
3.56E+15
3.56E+15
3.56E+15
3.56E+15
3.56E+15
3.56E+15
3.56E+15
3.56E+15
3.56E+15
3.56E+15
3.56E+15
3.56E+15
3.56E+15
3.56E+15
3.56E+15
3.56E+15
3.56E+15
3.56E+15
3.56E+15
3.56E+15
3.56E+15
3.56E+15
3.56E+15
3.56E+15
3.56E+15
3.56E+15
3.56E+15
3.56E+15
3.56E+15
3.56E+15
3.56E+15
3.56E+15
3.56E+15
3.56E+15
3.56E+15
3.56E+15
3.56E+15
3.56E+15
3.56E+15
3.56E+15
3.56E+15
3.56E+15
3.56E+15
3.56E+15
3.56E+15
3.56E+15
3.56E+15
3.56E+15
3.56E+15
3.56E+15
3.56E+15
3.56E+15
3.56E+15
3.56E+15
3.56E+15
3.56E+15
3.56E+15
3.56E+15
3.56E+15
3.56E+15
3.56E+15
3.56E+15
chc03560000270001001
chc03560000280001001
chc03560000290001001
chc03560000300001001
chc03560000310001001
chc03560000320001001
chc03560000330001001
chc03560000340001001
chc03560000350001001
chc03560000360001001
chc03560000370001001
chc03560000380001001
chc03560000390001001
chc03560000400001001
chc03560000410001001
chc03560000420001001
chc03560000430001001
chc03560000440001001
chc03560000450001001
chc03560000460001001
chc03560000470001001
chc03560000480001001
chc03560000490001001
chc03560000500001001
chc03560000510001001
chc03560000520001001
chc03560000530001001
chc03560000540001001
chc03560000550001001
chc03560000560001001
chc03560000570001001
chc03560000580001001
chc03560000590001001
chc03560000600001001
chc03560000610001001
chc03560000620001001
chc03560000630001001
chc03560000640001001
chc03560000650001001
chc03560000660001001
chc03560000670001001
chc03560000680001001
Digital ID
